{"name":"Local: Bai2","url":"e:\\GameKyMonThanToc\\Bai_2_Dinh_Menh\\Bai2.cpp","tests":[{"id":1763188348496,"input":"1\n0 1\n1 0\n","output":""},{"id":1763188365467,"input":"2\n0 1 4\n1 0 3\n4 3 0\n","output":""},{"id":1763188376199,"input":"2\n0 3 5\n3 0 4\n5 4 0\n","output":""},{"id":1763188400555,"input":"3\n0 1 4 7\n1 0 5 8\n4 5 0 5\n7 8 5 0\n","output":""},{"id":1763188421022,"input":"3\n0 1 2 5\n1 0 3 4\n2 3 0 7\n5 4 7 0\n","output":""},{"id":1763188431810,"input":"4\n0 1 3 6 5\n1 0 4 5 6\n3 4 0 3 4\n6 5 3 0 5\n5 6 4 5 0\n","output":""},{"id":1763188443866,"input":"5\n0 1 3 6 5 9\n1 0 4 5 6 8\n3 4 0 3 4 6\n6 5 3 0 5 5\n5 6 4 5 0 4\n9 8 6 5 4 0\n","output":""},{"id":1763188469269,"input":"5\n0 1 3 8 6 11\n1 0 4 7 7 12\n3 4 0 11 5 8\n8 7 11 0 14 19\n6 7 5 14 0 5\n11 12 8 19 5 0\n","output":""},{"id":1763188475748,"input":"5\n0 1 5 19 7 10\n1 0 4 18 6 9\n5 4 0 16 4 7\n19 18 16 0 12 11\n7 6 4 12 0 3\n10 9 7 11 3 0\n","output":""},{"id":1763188480327,"input":"6\n0 1 3 15 13 10 18\n1 0 4 16 14 11 19\n3 4 0 12 10 9 15\n15 16 12 0 6 11 11\n13 14 10 6 0 9 9\n10 11 9 11 9 0 10\n18 19 15 11 9 10 0\n","output":""},{"id":1763188497447,"input":"8\n0 1 7 10 7 11 13 20 19\n1 0 6 9 6 10 12 19 18\n7 6 0 11 4 6 10 17 16\n10 9 11 0 7 11 9 18 11\n7 6 4 7 0 4 6 13 12\n11 10 6 11 4 0 6 13 12\n13 12 10 9 6 6 0 9 6\n20 19 17 18 13 13 9 0 7\n19 18 16 11 12 12 6 7 0\n","output":""},{"id":1763188504543,"input":"9\n0 3 12 5 14 7 16 9 18 11\n3 0 9 4 13 6 15 8 17 10\n12 9 0 13 4 15 6 17 8 19\n5 4 13 0 9 4 13 6 15 8\n14 13 4 9 0 13 4 15 6 17\n7 6 15 4 13 0 9 4 13 6\n16 15 6 13 4 9 0 13 4 15\n9 8 17 6 15 4 13 0 9 4\n18 17 8 15 6 13 4 9 0 13\n11 10 19 8 17 6 15 4 13 0\n","output":""},{"id":1763188510973,"input":"10\n0 3 7 5 11 8 14 9 12 12 21\n3 0 4 2 8 5 11 8 9 11 18\n7 4 0 6 4 7 7 10 9 13 14\n5 2 6 0 6 3 9 6 7 9 16\n11 8 4 6 0 7 3 10 7 13 10\n8 5 7 3 7 0 6 3 4 6 13\n14 11 7 9 3 6 0 9 6 12 7\n9 8 10 6 10 3 9 0 3 3 12\n12 9 9 7 7 4 6 3 0 6 9\n12 11 13 9 13 6 12 3 6 0 9\n21 18 14 16 10 13 7 12 9 9 0\n","output":""},{"id":1763188550966,"input":"15\n0 1 3 8 5 9 4 8 4 9 7 12 6 7 11 19\n1 0 2 7 4 8 3 7 3 8 6 11 5 6 10 18\n3 2 0 5 2 6 3 5 5 6 4 9 7 6 8 16\n8 7 5 0 5 1 8 4 10 5 9 4 12 11 7 13\n5 4 2 5 0 4 3 3 5 4 4 7 7 6 6 14\n9 8 6 1 4 0 7 3 9 4 8 3 11 10 6 12\n4 3 3 8 3 7 0 4 2 5 3 8 4 3 7 15\n8 7 5 4 3 3 4 0 6 1 5 4 8 7 3 11\n4 3 5 10 5 9 2 6 0 5 3 8 2 3 7 15\n9 8 6 5 4 4 5 1 5 0 4 3 7 6 2 10\n7 6 4 9 4 8 3 5 3 4 0 5 3 2 4 12\n12 11 9 4 7 3 8 4 8 3 5 0 8 7 3 9\n6 5 7 12 7 11 4 8 2 7 3 8 0 1 5 13\n7 6 6 11 6 10 3 7 3 6 2 7 1 0 4 12\n11 10 8 7 6 6 7 3 7 2 4 3 5 4 0 8\n19 18 16 13 14 12 15 11 15 10 12 9 13 12 8 0\n","output":""},{"id":1763188557015,"input":"15\n0 1 4 7 3 6 9 3 6 5 8 11 7 10 13 16\n1 0 3 6 2 5 8 2 5 4 7 10 6 9 12 15\n4 3 0 3 3 2 5 5 2 5 4 7 7 6 9 18\n7 6 3 0 6 3 2 8 5 8 5 4 10 7 6 21\n3 2 3 6 0 3 6 2 3 2 5 8 4 7 10 15\n6 5 2 3 3 0 3 5 2 5 2 5 7 4 7 18\n9 8 5 2 6 3 0 8 5 8 5 2 10 7 4 19\n3 2 5 8 2 5 8 0 3 2 5 8 4 7 10 13\n6 5 2 5 3 2 5 3 0 3 2 5 5 4 7 16\n5 4 5 8 2 5 8 2 3 0 3 6 2 5 8 13\n8 7 4 5 5 2 5 5 2 3 0 3 5 2 5 16\n11 10 7 4 8 5 2 8 5 6 3 0 8 5 2 17\n7 6 7 10 4 7 10 4 5 2 5 8 0 3 6 11\n10 9 6 7 7 4 7 7 4 5 2 5 3 0 3 14\n13 12 9 6 10 7 4 10 7 8 5 2 6 3 0 15\n16 15 18 21 15 18 19 13 16 13 16 17 11 14 15 0\n","output":""},{"id":1763188632056,"input":"15\n0 2 4 6 8 10 4 6 8 10 12 6 10 14 15 20\n2 0 2 4 6 8 2 4 6 8 10 4 8 12 13 18\n4 2 0 2 4 6 4 2 4 6 8 6 6 10 13 16\n6 4 2 0 2 4 6 4 2 4 6 8 4 8 11 14\n8 6 4 2 0 2 8 6 4 2 4 10 6 6 13 12\n10 8 6 4 2 0 10 8 6 4 2 12 8 4 15 10\n4 2 4 6 8 10 0 2 4 6 8 2 6 10 11 16\n6 4 2 4 6 8 2 0 2 4 6 4 4 8 11 14\n8 6 4 2 4 6 4 2 0 2 4 6 2 6 9 12\n10 8 6 4 2 4 6 4 2 0 2 8 4 4 11 10\n12 10 8 6 4 2 8 6 4 2 0 10 6 2 13 8\n6 4 6 8 10 12 2 4 6 8 10 0 4 8 9 14\n10 8 6 4 6 8 6 4 2 4 6 4 0 4 7 10\n14 12 10 8 6 4 10 8 6 4 2 8 4 0 11 6\n15 13 13 11 13 15 11 11 9 11 13 9 7 11 0 5\n20 18 16 14 12 10 16 14 12 10 8 14 10 6 5 0\n","output":""},{"id":1763188637516,"input":"15\n0 1 6 12 4 11 6 11 7 12 7 9 12 14 12 18\n1 0 5 11 3 10 5 10 6 11 6 8 11 13 11 17\n6 5 0 6 4 5 4 5 5 6 7 5 6 8 16 12\n12 11 6 0 10 3 10 5 11 6 13 11 8 6 18 12\n4 3 4 10 0 7 2 7 3 8 3 5 8 10 12 14\n11 10 5 3 7 0 7 2 8 3 10 8 5 3 15 11\n6 5 4 10 2 7 0 5 1 6 3 3 6 8 12 12\n11 10 5 5 7 2 5 0 6 1 8 6 3 3 13 9\n7 6 5 11 3 8 1 6 0 5 2 2 5 7 11 11\n12 11 6 6 8 3 6 1 5 0 7 5 2 2 12 8\n7 6 7 13 3 10 3 8 2 7 0 2 5 7 9 11\n9 8 5 11 5 8 3 6 2 5 2 0 3 5 11 9\n12 11 6 8 8 5 6 3 5 2 5 3 0 2 10 6\n14 13 8 6 10 3 8 3 7 2 7 5 2 0 12 8\n12 11 16 18 12 15 12 13 11 12 9 11 10 12 0 6\n18 17 12 12 14 11 12 9 11 8 11 9 6 8 6 0\n","output":""},{"id":1763188642059,"input":"15\n0 1 4 7 11 1 3 9 11 3 8 13 7 11 16 18\n1 0 3 6 10 2 2 8 10 4 7 12 6 10 15 17\n4 3 0 3 7 5 3 5 7 7 4 9 5 7 14 16\n7 6 3 0 4 8 6 2 4 10 5 6 8 4 13 15\n11 10 7 4 0 12 10 4 2 14 9 4 12 8 17 15\n1 2 5 8 12 0 2 8 10 2 7 12 6 10 15 17\n3 2 3 6 10 2 0 6 8 4 5 10 4 8 13 15\n9 8 5 2 4 8 6 0 2 10 5 4 8 4 13 13\n11 10 7 4 2 10 8 2 0 12 7 2 10 6 15 13\n3 4 7 10 14 2 4 10 12 0 5 10 4 8 13 15\n8 7 4 5 9 7 5 5 7 5 0 5 3 3 10 12\n13 12 9 6 4 12 10 4 2 10 5 0 8 4 13 11\n7 6 5 8 12 6 4 8 10 4 3 8 0 4 9 11\n11 10 7 4 8 10 8 4 6 8 3 4 4 0 9 11\n16 15 14 13 17 15 13 13 15 13 10 13 9 9 0 2\n18 17 16 15 15 17 15 13 13 15 12 11 11 11 2 0\n","output":""},{"id":1763188652280,"input":"15\n0 2 5 9 14 12 19 18 21 19 23 20 25 26 31 29\n2 0 3 7 12 10 17 16 19 17 21 18 23 24 29 27\n5 3 0 4 9 7 14 13 16 14 18 15 20 21 26 24\n9 7 4 0 7 5 12 11 14 12 16 13 18 19 24 22\n14 12 9 7 0 6 7 6 9 7 11 8 13 14 19 17\n12 10 7 5 6 0 11 10 13 11 15 12 17 18 23 21\n19 17 14 12 7 11 0 7 10 8 12 9 14 15 20 18\n18 16 13 11 6 10 7 0 3 7 5 8 13 14 19 17\n21 19 16 14 9 13 10 3 0 10 2 9 14 15 20 18\n19 17 14 12 7 11 8 7 10 0 8 5 10 9 14 12\n23 21 18 16 11 15 12 5 2 8 0 7 12 13 18 16\n20 18 15 13 8 12 9 8 9 5 7 0 5 6 11 9\n25 23 20 18 13 17 14 13 14 10 12 5 0 11 6 14\n26 24 21 19 14 18 15 14 15 9 13 6 11 0 5 3\n31 29 26 24 19 23 20 19 20 14 18 11 6 5 0 8\n29 27 24 22 17 21 18 17 18 12 16 9 14 3 8 0\n","output":""},{"id":1763188656722,"input":"15\n0 2 4 6 8 13 13 15 17 19 13 13 15 17 19 21\n2 0 2 4 6 13 13 13 15 17 13 13 13 15 17 19\n4 2 0 2 4 13 13 13 13 15 15 13 13 13 15 17\n6 4 2 0 2 15 13 13 13 13 17 15 13 13 13 15\n8 6 4 2 0 17 15 13 13 13 19 17 15 13 13 13\n13 13 13 15 17 0 2 4 6 8 2 2 4 6 8 10\n13 13 13 13 15 2 0 2 4 6 4 2 2 4 6 8\n15 13 13 13 13 4 2 0 2 4 6 4 2 2 4 6\n17 15 13 13 13 6 4 2 0 2 8 6 4 2 2 4\n19 17 15 13 13 8 6 4 2 0 10 8 6 4 2 2\n13 13 15 17 19 2 4 6 8 10 0 4 6 8 10 12\n13 13 13 15 17 2 2 4 6 8 4 0 4 6 8 10\n15 13 13 13 15 4 2 2 4 6 6 4 0 4 6 8\n17 15 13 13 13 6 4 2 2 4 8 6 4 0 4 6\n19 17 15 13 13 8 6 4 2 2 10 8 6 4 0 4\n21 19 17 15 13 10 8 6 4 2 12 10 8 6 4 0\n","output":""},{"id":1763188661408,"input":"15\n0 74 3 37 29 39 45 55 59 122 62 75 76 84 152 114\n74 0 77 111 103 113 119 129 133 196 136 149 150 158 226 188\n3 77 0 34 28 38 44 54 58 121 61 74 75 83 151 113\n37 111 34 0 58 68 74 84 88 151 91 104 105 113 181 143\n29 103 28 58 0 40 46 56 60 123 63 76 77 85 153 115\n39 113 38 68 40 0 40 50 54 117 57 70 71 79 147 109\n45 119 44 74 46 40 0 40 44 107 47 60 61 69 137 99\n55 129 54 84 56 50 40 0 38 101 41 54 55 63 131 93\n59 133 58 88 60 54 44 38 0 93 33 46 47 55 123 85\n122 196 121 151 123 117 107 101 93 0 88 101 102 110 178 140\n62 136 61 91 63 57 47 41 33 88 0 33 34 42 110 72\n75 149 74 104 76 70 60 54 46 101 33 0 27 35 103 65\n76 150 75 105 77 71 61 55 47 102 34 27 0 28 96 58\n84 158 83 113 85 79 69 63 55 110 42 35 28 0 88 50\n152 226 151 181 153 147 137 131 123 178 110 103 96 88 0 100\n114 188 113 143 115 109 99 93 85 140 72 65 58 50 100 0\n","output":""}],"interactive":false,"memoryLimit":1024,"timeLimit":3000,"srcPath":"e:\\GameKyMonThanToc\\Bai_2_Dinh_Menh\\Bai2.cpp","group":"local","local":true}